  1.888987E+0000  1.871600E+0000  1.862044E+0000  1.868057E+0000 -1.173058E+0000 -8.223271E-0001 -7.017556E-0001 -7.609074E-0001 -3.990067E+0000 -3.795787E+0000 -3.729168E+0000 -3.798716E+0000 -3.925188E+0000 -4.082735E+0000 -4.060589E+0000 -4.242967E+0000 -3.682428E+0000 -4.357998E+0000 -4.117185E+0000 -4.494956E+0000 -4.457584E+0000 -4.860947E+0000 -4.842947E+0000 -4.938643E+0000 -5.834527E+0000 -6.197824E+0000 -6.224283E+0000 -6.234272E+0000
  1.858715E+0000  1.873742E+0000  1.872832E+0000  1.861330E+0000 -1.107617E+0000 -1.034253E+0000 -9.067430E-0001 -1.046430E+0000 -3.238119E+0000 -3.961531E+0000 -4.234888E+0000 -3.196661E+0000 -2.885166E+0000 -3.630904E+0000 -3.941936E+0000 -2.930603E+0000 -2.702104E+0000 -3.233399E+0000 -3.750133E+0000 -3.082303E+0000 -2.477910E+0000 -3.153888E+0000 -3.591549E+0000 -2.661098E+0000 -4.815405E+0000 -5.460716E+0000 -5.402469E+0000 -5.030577E+0000
  1.854461E+0000  1.854460E+0000  1.854461E+0000  1.854461E+0000 -9.911695E-0001 -9.911585E-0001 -9.911734E-0001 -9.911692E-0001 -2.842592E+0000 -2.842573E+0000 -2.842594E+0000 -2.842592E+0000 -2.367022E+0000 -2.367012E+0000 -2.367027E+0000 -2.367031E+0000 -2.989124E+0000 -2.989113E+0000 -2.989122E+0000 -2.989123E+0000 -3.499947E+0000 -3.499951E+0000 -3.499947E+0000 -3.499944E+0000 -4.823447E+0000 -4.823455E+0000 -4.823441E+0000 -4.823449E+0000
  1.716700E+0000  1.756537E+0000  1.775788E+0000  1.792875E+0000 -4.808697E-0001 -2.450368E-0001 -2.823656E-0001 -5.173421E-0001 -2.725164E+0000 -2.789317E+0000 -2.867302E+0000 -3.218477E+0000 -2.275286E+0000 -2.665233E+0000 -2.845531E+0000 -3.036173E+0000 -8.669137E-0001 -1.776971E+0000 -2.133619E+0000 -1.590566E+0000 -1.577940E+0000 -2.247765E+0000 -2.412024E+0000 -2.366980E+0000 -3.878928E+0000 -3.955591E+0000 -4.013379E+0000 -4.457554E+0000
  1.582191E+0000  1.690477E+0000  1.704360E+0000  1.690098E+0000 -8.838266E-0002  8.901580E-0002  1.337682E-0001 -1.916191E-0001 -2.497523E+0000 -3.081140E+0000 -3.074211E+0000 -2.895425E+0000 -2.358668E+0000 -3.162371E+0000 -3.211249E+0000 -2.857118E+0000 -2.706452E-0001 -1.200265E+0000 -1.620446E+0000 -6.805846E-0001 -1.328842E+0000 -2.440632E+0000 -2.708072E+0000 -2.096353E+0000 -4.235083E+0000 -4.781774E+0000 -4.828668E+0000 -4.387427E+0000
  1.837925E+0000  1.820929E+0000  1.821601E+0000  1.851303E+0000 -8.062723E-0001 -6.276983E-0001 -7.094313E-0001 -7.241803E-0001 -3.699021E+0000 -3.498411E+0000 -3.515145E+0000 -3.568445E+0000 -3.728565E+0000 -3.609170E+0000 -3.600402E+0000 -3.870862E+0000 -1.832051E+0000 -1.786828E+0000 -1.670182E+0000 -2.846175E+0000 -2.947527E+0000 -2.919771E+0000 -2.686799E+0000 -3.412774E+0000 -4.748758E+0000 -4.622402E+0000 -4.345770E+0000 -4.945872E+0000
  1.896946E+0000  1.817978E+0000  1.782557E+0000  1.826030E+0000 -1.848868E+0000 -6.222419E-0001 -5.866629E-0001 -8.445702E-0001 -3.931702E+0000 -2.960458E+0000 -2.710312E+0000 -3.117205E+0000 -3.583643E+0000 -2.707158E+0000 -2.395966E+0000 -2.704727E+0000 -2.478669E+0000 -2.445716E+0000 -1.745119E+0000 -2.043128E+0000 -3.353635E+0000 -2.651623E+0000 -2.111136E+0000 -2.437717E+0000 -4.520462E+0000 -3.570402E+0000 -3.090981E+0000 -3.413712E+0000
  1.765661E+0000  1.789060E+0000  1.671364E+0000  1.798413E+0000 -2.640995E-0001 -6.791892E-0001 -2.979194E-0001 -5.308303E-0001 -3.058028E+0000 -3.269264E+0000 -2.863644E+0000 -3.327452E+0000 -3.512975E+0000 -3.570888E+0000 -3.091181E+0000 -3.696586E+0000 -1.384044E+0000 -9.543654E-0001 -3.111724E-0001 -1.347018E+0000 -3.018247E+0000 -2.990901E+0000 -2.419156E+0000 -3.157431E+0000 -4.563153E+0000 -4.868554E+0000 -4.259704E+0000 -4.757669E+0000
  1.649551E+0000  1.663488E+0000  1.729567E+0000  1.617512E+0000 -5.803822E-0001 -3.196445E-0001 -3.191164E-0001 -3.282910E-0001 -2.500736E+0000 -2.256637E+0000 -2.589072E+0000 -2.254508E+0000 -2.336292E+0000 -2.142166E+0000 -2.414358E+0000 -1.950908E+0000 -2.683353E-0001 -7.985920E-0001 -1.204119E+0000 -4.554370E-0001 -1.300738E+0000 -1.212017E+0000 -1.870368E+0000 -1.102894E+0000 -3.912959E+0000 -3.640254E+0000 -4.106673E+0000 -3.643476E+0000
  1.835165E+0000  1.806348E+0000  1.847204E+0000  1.820974E+0000 -1.605971E+0000 -9.866557E-0001 -1.329705E+0000 -1.261041E+0000 -3.807208E+0000 -3.485010E+0000 -3.691665E+0000 -3.391326E+0000 -2.515068E+0000 -2.456607E+0000 -2.464863E+0000 -2.212763E+0000 -1.168723E+0000 -1.206882E+0000 -1.618604E+0000 -1.353429E+0000 -2.329234E+0000 -2.271615E+0000 -2.630680E+0000 -2.150119E+0000 -3.819744E+0000 -3.894536E+0000 -4.325325E+0000 -3.868936E+0000
  1.896721E+0000  1.880523E+0000  1.909726E+0000  1.904176E+0000 -1.354800E+0000 -1.204281E+0000 -1.732670E+0000 -1.598424E+0000 -4.733632E+0000 -4.288480E+0000 -5.111113E+0000 -4.897783E+0000 -5.081278E+0000 -4.483458E+0000 -5.326819E+0000 -5.116881E+0000 -3.047936E+0000 -2.412531E+0000 -3.065692E+0000 -2.925209E+0000 -4.256756E+0000 -3.627494E+0000 -4.320401E+0000 -4.166560E+0000 -6.601102E+0000 -6.231779E+0000 -6.772178E+0000 -6.650759E+0000
  1.818900E+0000  1.727233E+0000  1.709898E+0000  1.688212E+0000 -9.106215E-0001 -6.227844E-0001 -4.977827E-0001 -4.845308E-0001 -2.921364E+0000 -2.351805E+0000 -2.226469E+0000 -2.098288E+0000 -2.115132E+0000 -1.493018E+0000 -1.278130E+0000 -1.143635E+0000 -1.793980E+0000 -1.015630E+0000 -1.207193E+0000 -1.066962E+0000 -2.490051E+0000 -1.950894E+0000 -1.821650E+0000 -1.759867E+0000 -4.713596E+0000 -4.249270E+0000 -4.106697E+0000 -4.088099E+0000
  1.871331E+0000  1.854068E+0000  1.846785E+0000  1.840708E+0000 -9.753501E-0001 -7.793854E-0001 -6.111146E-0001 -6.984450E-0001 -3.956285E+0000 -3.584114E+0000 -3.703477E+0000 -3.452262E+0000 -3.438332E+0000 -2.966750E+0000 -3.296768E+0000 -2.914575E+0000 -2.970266E+0000 -3.032621E+0000 -3.339666E+0000 -2.457114E+0000 -3.940700E+0000 -3.783585E+0000 -4.083943E+0000 -3.670970E+0000 -5.514611E+0000 -5.219970E+0000 -5.542399E+0000 -5.380107E+0000
  1.893115E+0000  1.887794E+0000  1.846007E+0000  1.813299E+0000 -1.608134E+0000 -1.475023E+0000 -7.275383E-0001 -4.270610E-0001 -3.650141E+0000 -3.582033E+0000 -3.495962E+0000 -3.211292E+0000 -3.139898E+0000 -3.094553E+0000 -3.240532E+0000 -2.741918E+0000 -3.203800E+0000 -3.117707E+0000 -2.765258E+0000 -2.837022E+0000 -3.153491E+0000 -3.192827E+0000 -3.209397E+0000 -3.096982E+0000 -4.942530E+0000 -4.826478E+0000 -4.643277E+0000 -4.779551E+0000
