  1.772983E+0000  1.836362E+0000  1.856829E+0000  1.852381E+0000 -9.661679E-0001 -6.248197E-0001 -9.139794E-0001 -1.027992E+0000 -3.098480E+0000 -3.572292E+0000 -3.427362E+0000 -3.433260E+0000 -2.534266E+0000 -3.406218E+0000 -3.233641E+0000 -3.164166E+0000 -7.517636E-0001 -2.377199E+0000 -2.524679E+0000 -2.019592E+0000 -2.112939E+0000 -3.484643E+0000 -3.351384E+0000 -3.016129E+0000 -4.253580E+0000 -5.076984E+0000 -4.747801E+0000 -4.503687E+0000
  1.920902E+0000  1.912879E+0000  1.903853E+0000  1.925328E+0000 -1.902602E+0000 -1.606144E+0000 -1.418571E+0000 -2.136115E+0000 -5.334601E+0000 -5.229908E+0000 -4.755172E+0000 -5.711001E+0000 -5.869430E+0000 -5.534691E+0000 -4.988226E+0000 -5.828078E+0000 -4.278502E+0000 -4.390179E+0000 -3.879733E+0000 -4.355213E+0000 -6.227656E+0000 -5.461254E+0000 -4.745188E+0000 -5.323778E+0000 -8.406340E+0000 -7.094585E+0000 -6.530355E+0000 -7.557808E+0000
  1.262829E+0000  1.664545E+0000  1.536478E+0000  1.652780E+0000 -3.311664E-0001  3.672793E-0002  1.530065E-0001 -4.720220E-0001 -1.914745E+0000 -2.744227E+0000 -2.218523E+0000 -2.636347E+0000 -1.425044E+0000 -2.357731E+0000 -1.787972E+0000 -2.165977E+0000  6.216072E-0001 -1.015183E+0000 -2.948903E-0001 -4.048444E-0001 -7.455134E-0001 -1.890694E+0000 -1.837821E+0000 -1.252855E+0000 -3.806812E+0000 -4.950053E+0000 -5.016164E+0000 -4.150417E+0000
  1.339587E+0000  1.331559E+0000  1.577425E+0000  1.580231E+0000  9.073294E-0002  8.082207E-0002 -3.471293E-0001 -4.592760E-0001 -1.538965E+0000 -1.593339E+0000 -1.935756E+0000 -2.168973E+0000 -1.819302E+0000 -1.830840E+0000 -2.215771E+0000 -2.406869E+0000  4.000191E-0001  4.211525E-0001  4.142602E-0002  1.186417E-0001 -1.739342E+0000 -1.666210E+0000 -2.096213E+0000 -1.944232E+0000 -3.139036E+0000 -2.943591E+0000 -3.435370E+0000 -3.251261E+0000
  1.690912E+0000  1.749210E+0000  1.708628E+0000  1.668635E+0000 -9.341916E-0001 -5.588689E-0001 -3.750702E-0001 -7.286658E-0001 -2.462981E+0000 -2.808822E+0000 -2.709348E+0000 -2.674282E+0000 -1.307415E+0000 -1.950662E+0000 -1.659368E+0000 -1.565559E+0000 -5.179901E-0001 -1.069592E+0000 -9.254599E-0001 -2.783405E-0001 -1.544077E+0000 -2.116079E+0000 -2.101056E+0000 -1.812909E+0000 -4.031723E+0000 -4.424373E+0000 -4.143907E+0000 -4.241968E+0000
  1.829663E+0000  1.875256E+0000  1.895234E+0000  1.827345E+0000 -5.632038E-0001 -1.149214E+0000 -1.589220E+0000 -8.533111E-0001 -3.327513E+0000 -3.686222E+0000 -3.981301E+0000 -2.971617E+0000 -3.017796E+0000 -3.257863E+0000 -3.449836E+0000 -2.325988E+0000 -2.445088E+0000 -2.838188E+0000 -2.873864E+0000 -1.928726E+0000 -3.778413E+0000 -3.466871E+0000 -3.581590E+0000 -2.975661E+0000 -5.411706E+0000 -4.914257E+0000 -4.949608E+0000 -4.475573E+0000
  1.714738E+0000  1.766618E+0000  1.574155E+0000  1.820357E+0000 -1.121860E+0000 -1.017948E+0000 -1.064148E+0000 -7.634158E-0001 -3.581002E+0000 -3.567932E+0000 -3.345909E+0000 -3.289117E+0000 -2.954633E+0000 -3.078288E+0000 -2.690897E+0000 -2.906339E+0000 -3.220490E-0002 -4.136624E-0001  4.947656E-0001 -1.581318E+0000 -2.824487E+0000 -3.125821E+0000 -2.590668E+0000 -2.994766E+0000 -4.464085E+0000 -4.797147E+0000 -4.586732E+0000 -4.410271E+0000
  1.898874E+0000  1.891901E+0000  1.893886E+0000  1.885129E+0000 -1.407396E+0000 -1.142004E+0000 -1.239594E+0000 -1.139231E+0000 -4.190425E+0000 -4.112805E+0000 -4.166969E+0000 -3.963700E+0000 -4.381687E+0000 -4.539135E+0000 -4.603601E+0000 -4.192792E+0000 -3.648235E+0000 -4.639463E+0000 -3.819885E+0000 -3.714265E+0000 -3.922386E+0000 -4.607467E+0000 -4.201637E+0000 -3.564831E+0000 -5.691012E+0000 -6.133041E+0000 -5.828296E+0000 -5.122377E+0000
  1.254766E+0000  1.560338E+0000  1.384302E+0000  1.533617E+0000 -7.745367E-0001  7.698205E-0002 -2.525365E-0001 -8.032348E-0001 -1.904428E+0000 -2.429899E+0000 -1.989442E+0000 -2.307277E+0000 -8.335922E-0001 -1.374061E+0000 -1.054323E+0000 -1.139866E+0000  8.232661E-0001 -3.710319E-0001  4.738129E-0001  3.046208E-0001 -1.858917E+0000 -2.189860E+0000 -2.079426E+0000 -2.059778E+0000 -4.206171E+0000 -4.106223E+0000 -4.211565E+0000 -4.252797E+0000
  1.719576E+0000  1.772628E+0000  1.807232E+0000  1.839802E+0000 -6.305916E-0001 -8.327327E-0001 -8.071290E-0001 -9.356009E-0001 -2.926902E+0000 -3.122596E+0000 -3.140588E+0000 -3.441370E+0000 -2.756368E+0000 -3.025252E+0000 -3.003849E+0000 -3.346270E+0000 -8.314724E-0001 -1.088500E+0000 -1.910546E+0000 -2.480387E+0000 -1.180388E+0000 -1.480338E+0000 -1.590810E+0000 -1.933307E+0000 -3.653165E+0000 -3.818243E+0000 -4.154733E+0000 -4.089673E+0000
  1.842215E+0000  1.742146E+0000  1.789705E+0000  1.845722E+0000 -9.065212E-0001 -9.385186E-0002 -4.739377E-0001 -8.923916E-0001 -3.185558E+0000 -2.517767E+0000 -2.970880E+0000 -3.586738E+0000 -2.971324E+0000 -2.370837E+0000 -2.695004E+0000 -3.149533E+0000 -2.087802E+0000 -2.240269E+0000 -1.770433E+0000 -2.233089E+0000 -2.745365E+0000 -2.409515E+0000 -2.372340E+0000 -2.617790E+0000 -5.339836E+0000 -4.638601E+0000 -4.899862E+0000 -4.971115E+0000
  1.818464E+0000  1.662346E+0000  1.809560E+0000  1.794240E+0000 -8.644755E-0001 -3.950833E-0001 -6.030923E-0001 -7.892074E-0001 -3.377376E+0000 -2.794894E+0000 -3.458972E+0000 -3.143654E+0000 -3.073481E+0000 -2.544496E+0000 -3.379730E+0000 -2.791708E+0000 -1.242170E+0000 -1.543321E-0001 -1.387239E+0000 -9.935721E-0001 -3.262012E+0000 -3.018399E+0000 -3.710915E+0000 -3.139442E+0000 -4.724284E+0000 -4.687140E+0000 -5.224324E+0000 -4.350759E+0000
  1.818453E+0000  1.825385E+0000  1.798021E+0000  1.727414E+0000 -9.323637E-0001 -9.733342E-0001 -7.866843E-0001 -4.466594E-0001 -2.556471E+0000 -2.582109E+0000 -2.352366E+0000 -1.988676E+0000 -2.028591E+0000 -2.276520E+0000 -2.113780E+0000 -1.580367E+0000 -2.957642E+0000 -2.767637E+0000 -2.550004E+0000 -2.277734E+0000 -1.843034E+0000 -1.864758E+0000 -1.662834E+0000 -1.360565E+0000 -3.701641E+0000 -3.863391E+0000 -3.756979E+0000 -3.431385E+0000
