  1.841712E+0000  1.840765E+0000  1.830886E+0000  1.851897E+0000 -1.580371E+0000 -1.373532E+0000 -1.138398E+0000 -1.624637E+0000 -3.592880E+0000 -3.451879E+0000 -3.362302E+0000 -3.661555E+0000 -2.463320E+0000 -2.502567E+0000 -2.649781E+0000 -2.664106E+0000 -1.291212E+0000 -1.463311E+0000 -1.469576E+0000 -1.376223E+0000 -2.427597E+0000 -2.443228E+0000 -2.433678E+0000 -2.627151E+0000 -4.517334E+0000 -4.303576E+0000 -4.062901E+0000 -4.514097E+0000
  1.899704E+0000  1.921050E+0000  1.926998E+0000  1.909947E+0000 -1.531870E+0000 -1.943027E+0000 -2.109876E+0000 -1.742694E+0000 -4.209713E+0000 -5.408244E+0000 -6.136835E+0000 -4.427069E+0000 -3.881139E+0000 -5.014838E+0000 -5.817949E+0000 -4.126077E+0000 -3.766902E+0000 -5.098504E+0000 -6.189570E+0000 -4.190594E+0000 -3.308888E+0000 -4.593068E+0000 -6.029382E+0000 -3.656375E+0000 -5.340733E+0000 -6.678701E+0000 -8.124464E+0000 -5.756886E+0000
  1.911415E+0000  1.895373E+0000  1.896011E+0000  1.910510E+0000 -1.636178E+0000 -1.218722E+0000 -1.350811E+0000 -1.785731E+0000 -4.938143E+0000 -4.542760E+0000 -4.538894E+0000 -4.954335E+0000 -5.288015E+0000 -4.866879E+0000 -4.736201E+0000 -4.960406E+0000 -3.993922E+0000 -4.061466E+0000 -3.298273E+0000 -3.457792E+0000 -4.538027E+0000 -4.480973E+0000 -3.864464E+0000 -3.591018E+0000 -6.656894E+0000 -6.001097E+0000 -5.445455E+0000 -5.929406E+0000
  1.850590E+0000  1.832518E+0000  1.835320E+0000  1.879379E+0000 -9.761816E-0001 -9.530478E-0001 -8.859137E-0001 -1.230258E+0000 -3.591101E+0000 -3.371072E+0000 -3.359811E+0000 -3.735802E+0000 -3.559596E+0000 -3.146514E+0000 -3.113180E+0000 -3.635077E+0000 -2.052412E+0000 -1.602348E+0000 -1.842484E+0000 -2.839894E+0000 -2.676565E+0000 -2.560484E+0000 -2.609519E+0000 -3.178813E+0000 -5.045217E+0000 -4.734367E+0000 -4.674587E+0000 -4.822421E+0000
  1.791402E+0000  1.816340E+0000  1.805016E+0000  1.751988E+0000 -1.546729E-0001 -3.119340E-0001 -2.384021E-0001  7.218685E-0002 -3.350250E+0000 -3.519435E+0000 -3.429941E+0000 -3.303241E+0000 -3.447821E+0000 -3.659996E+0000 -3.548638E+0000 -3.349866E+0000 -3.170645E+0000 -3.382081E+0000 -3.268722E+0000 -3.121803E+0000 -3.536165E+0000 -3.765693E+0000 -3.647497E+0000 -3.379074E+0000 -4.898181E+0000 -5.086407E+0000 -4.993877E+0000 -4.701567E+0000
  1.888159E+0000  1.883658E+0000  1.730306E+0000  1.878638E+0000 -1.553132E+0000 -1.174281E+0000 -2.305416E-0001 -1.474169E+0000 -4.675668E+0000 -4.708688E+0000 -3.357022E+0000 -4.518076E+0000 -3.697695E+0000 -3.918597E+0000 -2.150294E+0000 -3.261439E+0000 -2.054953E+0000 -2.625321E+0000 -1.045863E+0000 -1.877064E+0000 -4.067969E+0000 -4.557510E+0000 -2.931584E+0000 -3.831844E+0000 -6.261538E+0000 -6.409145E+0000 -4.889516E+0000 -5.993349E+0000
  1.866178E+0000  1.799142E+0000  1.771477E+0000  1.748716E+0000 -7.810176E-0001 -3.641894E-0001 -3.642461E-0001 -1.953214E-0001 -3.961939E+0000 -3.159175E+0000 -2.876872E+0000 -2.699517E+0000 -4.097263E+0000 -2.812982E+0000 -2.380531E+0000 -2.229079E+0000 -4.089812E+0000 -3.098220E+0000 -2.199710E+0000 -2.506170E+0000 -3.722214E+0000 -2.253623E+0000 -1.866381E+0000 -1.818656E+0000 -6.242513E+0000 -4.810398E+0000 -4.472193E+0000 -4.463248E+0000
  1.799653E+0000  1.850036E+0000  1.807084E+0000  1.832876E+0000 -1.270903E+0000 -1.358947E+0000 -1.023218E+0000 -1.187542E+0000 -3.081141E+0000 -3.253994E+0000 -2.919963E+0000 -3.293262E+0000 -2.828644E+0000 -3.102564E+0000 -2.694130E+0000 -3.029040E+0000 -1.025264E+0000 -1.710081E+0000 -1.403563E+0000 -1.683558E+0000 -1.670757E+0000 -2.282573E+0000 -1.850455E+0000 -1.963017E+0000 -3.908788E+0000 -4.098521E+0000 -3.751248E+0000 -3.456258E+0000
  1.754175E+0000  1.722921E+0000  1.798537E+0000  1.833570E+0000 -7.384059E-0001 -4.866998E-0001 -8.355997E-0001 -9.182205E-0001 -3.006901E+0000 -2.590255E+0000 -3.289474E+0000 -3.594490E+0000 -2.587836E+0000 -2.380443E+0000 -2.784660E+0000 -3.296502E+0000 -1.062594E+0000 -1.113528E+0000 -1.415142E+0000 -1.914607E+0000 -1.377877E+0000 -1.334436E+0000 -1.787338E+0000 -2.129533E+0000 -3.856246E+0000 -3.678107E+0000 -4.118913E+0000 -4.282410E+0000
  1.400198E+0000  1.752526E+0000  1.755924E+0000  1.864616E+0000 -3.244448E-0001 -9.547758E-0001 -7.473087E-0001 -1.910876E+0000 -2.202493E+0000 -2.334613E+0000 -2.499896E+0000 -3.623988E+0000 -1.494827E+0000 -1.804298E+0000 -1.961411E+0000 -2.766788E+0000  4.431978E-0001 -9.475570E-0001 -1.151476E+0000 -1.852530E+0000 -1.162968E+0000 -1.701648E+0000 -1.737761E+0000 -1.946621E+0000 -4.134216E+0000 -4.237884E+0000 -3.784095E+0000 -4.660774E+0000
  1.671369E+0000  1.700976E+0000  1.717307E+0000  1.734120E+0000 -1.441088E-0001 -7.089291E-0002 -1.755277E-0001 -2.198862E-0001 -2.334827E+0000 -2.290638E+0000 -2.397375E+0000 -2.427322E+0000 -1.943864E+0000 -2.203990E+0000 -2.290614E+0000 -2.149717E+0000 -9.047544E-0001 -1.480640E+0000 -1.400378E+0000 -1.859402E+0000 -1.862245E+0000 -2.066969E+0000 -2.073848E+0000 -1.949479E+0000 -4.211778E+0000 -3.749914E+0000 -3.607935E+0000 -3.488626E+0000
  1.813300E+0000  1.805058E+0000  1.784424E+0000  1.799512E+0000 -3.221040E-0001 -2.484570E-0001 -6.558187E-0002 -1.469550E-0001 -3.719650E+0000 -3.771887E+0000 -3.767727E+0000 -3.807344E+0000 -3.967964E+0000 -4.004719E+0000 -4.025424E+0000 -4.246816E+0000 -2.554545E+0000 -2.590446E+0000 -3.055659E+0000 -3.247597E+0000 -3.851769E+0000 -3.908136E+0000 -4.150844E+0000 -4.398642E+0000 -5.948182E+0000 -5.693045E+0000 -5.647290E+0000 -6.076687E+0000
  1.833082E+0000  1.817379E+0000  1.749454E+0000  1.752142E+0000 -6.219671E-0001 -3.666866E-0001  7.686184E-0002  5.887518E-0002 -3.955219E+0000 -3.957071E+0000 -3.959486E+0000 -3.982533E+0000 -4.200109E+0000 -4.206147E+0000 -4.158193E+0000 -4.170804E+0000 -2.476510E+0000 -3.012548E+0000 -2.816692E+0000 -2.768496E+0000 -2.463624E+0000 -2.808246E+0000 -2.696515E+0000 -2.663882E+0000 -5.009726E+0000 -4.857743E+0000 -5.006893E+0000 -5.131916E+0000
  1.900557E+0000  1.908520E+0000  1.916869E+0000  1.907310E+0000 -1.603489E+0000 -1.641726E+0000 -1.875505E+0000 -1.693476E+0000 -4.189458E+0000 -4.541719E+0000 -4.829523E+0000 -4.434001E+0000 -3.050442E+0000 -3.818203E+0000 -4.120252E+0000 -3.452963E+0000 -3.747761E+0000 -4.094309E+0000 -4.317023E+0000 -3.873555E+0000 -3.884848E+0000 -4.444467E+0000 -4.820609E+0000 -4.226054E+0000 -5.963554E+0000 -6.110518E+0000 -6.534681E+0000 -6.092836E+0000
  1.588475E+0000  1.750651E+0000  1.769423E+0000  1.693418E+0000 -1.259248E-0001 -2.612171E-0001 -5.079951E-0001 -1.860112E-0001 -2.468052E+0000 -2.884657E+0000 -2.894157E+0000 -2.609565E+0000 -1.511326E+0000 -1.504531E+0000 -1.865811E+0000 -1.014473E+0000 -1.845381E-0001 -2.161937E+0000 -1.399562E+0000 -1.703500E+0000 -2.584876E+0000 -2.684966E+0000 -2.755391E+0000 -2.299788E+0000 -4.627131E+0000 -4.583629E+0000 -4.563093E+0000 -4.326396E+0000
  1.792050E+0000  1.803672E+0000  1.691934E+0000  1.731128E+0000 -5.819989E-0001 -5.057042E-0001  2.269183E-0002 -2.160980E-0001 -2.920223E+0000 -3.158329E+0000 -2.467578E+0000 -2.553774E+0000 -2.710651E+0000 -2.957966E+0000 -2.383206E+0000 -2.358158E+0000 -2.196989E+0000 -2.587792E+0000 -1.919157E+0000 -1.962779E+0000 -1.720593E+0000 -2.034644E+0000 -1.646731E+0000 -1.583872E+0000 -3.541655E+0000 -3.701555E+0000 -3.486054E+0000 -3.530238E+0000
  1.856676E+0000  1.853948E+0000  1.855439E+0000  1.890485E+0000 -9.369963E-0001 -8.768325E-0001 -9.630101E-0001 -1.351498E+0000 -3.168108E+0000 -3.213323E+0000 -3.226435E+0000 -3.476635E+0000 -3.470086E+0000 -3.512357E+0000 -3.414291E+0000 -3.959380E+0000 -3.412169E+0000 -3.562548E+0000 -3.422729E+0000 -3.859004E+0000 -2.551145E+0000 -2.554633E+0000 -2.404949E+0000 -3.244148E+0000 -3.834078E+0000 -3.781614E+0000 -3.566309E+0000 -4.768948E+0000
  1.866461E+0000  1.873019E+0000  1.877511E+0000  1.873167E+0000 -7.595698E-0001 -8.021936E-0001 -9.131098E-0001 -8.323082E-0001 -4.454784E+0000 -4.503440E+0000 -4.433876E+0000 -4.523456E+0000 -4.447349E+0000 -4.668319E+0000 -4.519372E+0000 -4.459291E+0000 -3.417484E+0000 -4.103518E+0000 -3.522375E+0000 -3.754190E+0000 -4.638055E+0000 -5.099317E+0000 -4.796361E+0000 -4.684026E+0000 -6.955733E+0000 -7.307698E+0000 -6.950395E+0000 -6.914518E+0000
  1.860643E+0000  1.882736E+0000  1.884387E+0000  1.876626E+0000 -9.597882E-0001 -1.276187E+0000 -1.189886E+0000 -1.105966E+0000 -3.694014E+0000 -4.031169E+0000 -4.179974E+0000 -4.038879E+0000 -3.108401E+0000 -3.383770E+0000 -3.547848E+0000 -3.419344E+0000 -3.149920E+0000 -3.390051E+0000 -3.714695E+0000 -3.465831E+0000 -2.661908E+0000 -2.845414E+0000 -3.206462E+0000 -2.970316E+0000 -4.969903E+0000 -5.123936E+0000 -5.408522E+0000 -5.340824E+0000
  1.854637E+0000  1.833100E+0000  1.883990E+0000  1.881307E+0000 -1.196193E+0000 -8.778837E-0001 -1.306531E+0000 -1.348038E+0000 -3.459279E+0000 -3.202978E+0000 -3.928990E+0000 -3.833185E+0000 -2.877315E+0000 -2.777359E+0000 -3.538690E+0000 -3.386772E+0000 -2.225724E+0000 -2.215901E+0000 -2.858982E+0000 -2.680962E+0000 -2.287531E+0000 -2.242263E+0000 -3.280871E+0000 -3.050182E+0000 -4.506511E+0000 -4.344343E+0000 -5.132536E+0000 -4.980647E+0000
  1.767750E+0000  1.818005E+0000  1.819610E+0000  1.833882E+0000 -3.040758E-0001 -6.271450E-0001 -6.358514E-0001 -7.410826E-0001 -2.579093E+0000 -2.909384E+0000 -2.910349E+0000 -3.037981E+0000 -1.890662E+0000 -2.186671E+0000 -2.226524E+0000 -2.400638E+0000 -2.908916E+0000 -3.087806E+0000 -3.149522E+0000 -3.161067E+0000 -2.407941E+0000 -2.683427E+0000 -2.660886E+0000 -2.780380E+0000 -3.405655E+0000 -3.665260E+0000 -3.651817E+0000 -3.804055E+0000
  1.602526E+0000  1.568988E+0000  1.623022E+0000  1.465763E+0000 -9.590570E-0001 -9.795532E-0001 -1.068336E+0000 -1.190767E+0000 -2.815344E+0000 -2.910051E+0000 -3.039375E+0000 -2.937360E+0000 -1.859542E+0000 -1.889348E+0000 -2.030478E+0000 -1.858725E+0000 -2.859600E-0001 -9.736399E-0002 -1.886835E-0001  3.469063E-0001 -4.292277E-0001 -3.946080E-0001 -6.002016E-0001 -3.471929E-0001 -3.403557E+0000 -3.326418E+0000 -3.437292E+0000 -3.354208E+0000
  1.871196E+0000  1.860288E+0000  1.872007E+0000  1.871233E+0000 -1.339582E+0000 -1.279489E+0000 -1.356935E+0000 -1.234358E+0000 -3.979446E+0000 -4.073452E+0000 -4.046153E+0000 -4.093314E+0000 -3.911518E+0000 -4.062335E+0000 -3.959805E+0000 -4.067231E+0000 -1.916387E+0000 -1.551125E+0000 -1.849863E+0000 -1.974580E+0000 -2.955278E+0000 -3.080348E+0000 -3.126262E+0000 -3.309578E+0000 -5.502306E+0000 -5.507835E+0000 -5.648336E+0000 -5.649474E+0000
  1.740116E+0000  1.709862E+0000  1.801326E+0000  1.772991E+0000 -5.885653E-0001 -3.553281E-0001 -7.789795E-0001 -6.046841E-0001 -2.479788E+0000 -2.139961E+0000 -2.587443E+0000 -2.550205E+0000 -2.364996E+0000 -1.954441E+0000 -2.408981E+0000 -2.251926E+0000 -2.119612E+0000 -2.097527E+0000 -2.578788E+0000 -2.510868E+0000 -9.227796E-0001 -1.058817E+0000 -1.570147E+0000 -1.343970E+0000 -2.962917E+0000 -3.171736E+0000 -3.368118E+0000 -3.217713E+0000
  1.817795E+0000  1.832316E+0000  1.732818E+0000  1.837685E+0000 -6.695051E-0001 -1.034903E+0000 -7.804426E-0001 -1.141942E+0000 -3.317797E+0000 -3.267838E+0000 -2.839324E+0000 -3.222048E+0000 -3.041910E+0000 -2.983419E+0000 -2.431291E+0000 -2.845587E+0000 -1.906514E+0000 -1.588718E+0000 -5.983138E-0001 -1.587137E+0000 -2.451244E+0000 -2.354933E+0000 -1.750253E+0000 -2.436312E+0000 -4.508837E+0000 -4.755635E+0000 -4.175444E+0000 -4.726590E+0000
  1.862122E+0000  1.886590E+0000  1.897798E+0000  1.880530E+0000 -8.061402E-0001 -1.288502E+0000 -1.505490E+0000 -1.135946E+0000 -4.009949E+0000 -4.034821E+0000 -4.196524E+0000 -3.997406E+0000 -3.623147E+0000 -3.548955E+0000 -3.766814E+0000 -3.600901E+0000 -3.230592E+0000 -3.080953E+0000 -3.270792E+0000 -3.125075E+0000 -3.698862E+0000 -3.641498E+0000 -3.762308E+0000 -3.716652E+0000 -4.973697E+0000 -4.720637E+0000 -4.889962E+0000 -4.829306E+0000
