  1.815479E+0000  1.763438E+0000  1.815253E+0000  1.779712E+0000 -1.346674E+0000 -3.562798E-0001 -7.889434E-0001 -9.532663E-0001 -3.508348E+0000 -2.749229E+0000 -3.152855E+0000 -3.089793E+0000 -3.016068E+0000 -2.602043E+0000 -2.840793E+0000 -2.726540E+0000 -8.644965E-0001 -1.470493E+0000 -1.484302E+0000 -8.197383E-0001 -2.444735E+0000 -2.537348E+0000 -2.763986E+0000 -2.135196E+0000 -4.719013E+0000 -3.898186E+0000 -4.403131E+0000 -4.095419E+0000
  1.897693E+0000  1.890727E+0000  1.908126E+0000  1.887722E+0000 -1.593567E+0000 -1.233786E+0000 -1.650849E+0000 -1.280343E+0000 -4.828861E+0000 -4.717584E+0000 -4.814666E+0000 -4.516849E+0000 -4.773208E+0000 -4.645754E+0000 -4.876569E+0000 -4.604857E+0000 -2.392969E+0000 -3.007944E+0000 -3.193517E+0000 -2.530485E+0000 -4.163438E+0000 -4.332525E+0000 -4.707083E+0000 -4.256564E+0000 -5.825446E+0000 -5.637076E+0000 -6.279438E+0000 -5.797342E+0000
  1.202545E+0000  1.075166E+0000  9.569108E-0001  9.572021E-0001 -4.515279E-0001  5.633208E-0002  2.044901E-0001 -9.092195E-0002 -2.127123E+0000 -1.878347E+0000 -1.862450E+0000 -1.863117E+0000 -1.553103E+0000 -1.324855E+0000 -1.303460E+0000 -1.324299E+0000  7.796371E-0001  7.063820E-0001  7.999810E-0001  8.856415E-0001 -6.881892E-0001 -6.104921E-0001 -6.998602E-0001 -4.910450E-0001 -3.871312E+0000 -3.765393E+0000 -3.891011E+0000 -3.696543E+0000
  1.663052E+0000  1.906921E+0000  1.881224E+0000  1.832565E+0000 -5.323602E-0001 -1.790629E+0000 -1.641494E+0000 -1.272840E+0000 -2.159845E+0000 -4.235720E+0000 -3.216227E+0000 -3.087471E+0000 -2.609274E+0000 -4.317505E+0000 -3.594290E+0000 -3.461796E+0000 -2.028106E-0001 -2.972380E+0000 -1.985463E+0000 -1.108842E+0000 -2.309316E+0000 -4.188854E+0000 -3.559021E+0000 -3.071928E+0000 -3.420347E+0000 -5.010180E+0000 -4.473338E+0000 -4.086201E+0000
  1.810479E+0000  1.805444E+0000  1.770161E+0000  1.730283E+0000 -7.377486E-0001 -9.200633E-0001 -7.487259E-0001 -7.438126E-0001 -2.944726E+0000 -3.343265E+0000 -3.130863E+0000 -2.864852E+0000 -2.109831E+0000 -2.029433E+0000 -1.782581E+0000 -1.432030E+0000 -1.987124E+0000 -1.278876E+0000 -1.044100E+0000 -7.761768E-0001 -2.504725E+0000 -2.750336E+0000 -2.531003E+0000 -2.197345E+0000 -4.149359E+0000 -4.620732E+0000 -4.442869E+0000 -4.174854E+0000
  1.858149E+0000  1.884601E+0000  1.867765E+0000  1.887034E+0000 -1.171341E+0000 -1.185838E+0000 -1.015159E+0000 -1.280264E+0000 -3.761047E+0000 -4.093615E+0000 -3.984599E+0000 -4.293370E+0000 -2.854975E+0000 -3.442190E+0000 -3.163023E+0000 -3.538210E+0000 -1.941986E+0000 -3.058847E+0000 -2.531855E+0000 -2.779261E+0000 -3.015126E+0000 -4.364749E+0000 -3.945353E+0000 -4.211069E+0000 -5.315659E+0000 -6.011399E+0000 -5.499404E+0000 -5.939130E+0000
  1.851823E+0000  1.866830E+0000  1.870860E+0000  1.863739E+0000 -8.460655E-0001 -7.472754E-0001 -7.949147E-0001 -7.103917E-0001 -3.748056E+0000 -3.852289E+0000 -3.900841E+0000 -3.800930E+0000 -3.752407E+0000 -4.342071E+0000 -4.462186E+0000 -4.275322E+0000 -2.105906E+0000 -4.094746E+0000 -4.095516E+0000 -4.139527E+0000 -3.662884E+0000 -5.043094E+0000 -5.262113E+0000 -4.935760E+0000 -5.286563E+0000 -6.700950E+0000 -7.005042E+0000 -6.590359E+0000
  1.871432E+0000  1.898081E+0000  1.907791E+0000  1.907040E+0000 -1.217154E+0000 -1.382325E+0000 -1.520785E+0000 -1.475694E+0000 -3.789678E+0000 -4.256313E+0000 -4.688805E+0000 -4.720416E+0000 -3.499194E+0000 -4.294077E+0000 -4.939493E+0000 -4.986694E+0000 -2.296882E+0000 -3.532946E+0000 -4.035697E+0000 -4.260091E+0000 -3.065534E+0000 -4.140639E+0000 -4.820735E+0000 -4.929957E+0000 -5.066144E+0000 -5.817090E+0000 -6.737874E+0000 -6.753446E+0000
  1.908465E+0000  1.895680E+0000  1.904193E+0000  1.915426E+0000 -1.886073E+0000 -1.873186E+0000 -1.953652E+0000 -1.940082E+0000 -4.602313E+0000 -4.260348E+0000 -4.464766E+0000 -4.854580E+0000 -3.599259E+0000 -3.077328E+0000 -3.529315E+0000 -3.980578E+0000 -2.912996E+0000 -2.230985E+0000 -2.389822E+0000 -3.499775E+0000 -4.406442E+0000 -3.958906E+0000 -4.575800E+0000 -4.758553E+0000 -6.367532E+0000 -5.958180E+0000 -6.515535E+0000 -6.703669E+0000
  1.753191E+0000  1.721026E+0000  1.748152E+0000  1.781906E+0000 -6.427913E-0001 -2.054599E-0001 -3.252124E-0001 -7.023609E-0001 -2.985288E+0000 -2.827516E+0000 -3.095717E+0000 -3.123237E+0000 -2.214723E+0000 -2.092921E+0000 -2.390986E+0000 -2.258496E+0000 -1.223363E+0000 -1.683168E+0000 -1.658184E+0000 -1.658664E+0000 -1.452705E+0000 -1.555283E+0000 -1.655652E+0000 -1.558547E+0000 -4.320381E+0000 -4.131030E+0000 -4.172557E+0000 -4.264369E+0000
  1.921843E+0000  1.904896E+0000  1.904001E+0000  1.899808E+0000 -2.174051E+0000 -1.455470E+0000 -1.538067E+0000 -1.324186E+0000 -5.422966E+0000 -5.018344E+0000 -4.925119E+0000 -4.950642E+0000 -5.341422E+0000 -5.286714E+0000 -4.993017E+0000 -5.231548E+0000 -3.265186E+0000 -3.435330E+0000 -2.960824E+0000 -3.447131E+0000 -5.433317E+0000 -5.697861E+0000 -5.192358E+0000 -5.486970E+0000 -6.929489E+0000 -7.186270E+0000 -6.794220E+0000 -6.940598E+0000
  1.871577E+0000  1.868407E+0000  1.869806E+0000  1.871412E+0000 -7.661673E-0001 -7.339697E-0001 -7.449862E-0001 -7.647717E-0001 -3.891357E+0000 -3.863067E+0000 -3.874312E+0000 -3.903933E+0000 -4.591340E+0000 -4.513718E+0000 -4.553283E+0000 -4.581347E+0000 -5.630206E+0000 -5.249031E+0000 -5.551348E+0000 -5.537595E+0000 -6.039140E+0000 -5.431682E+0000 -5.873001E+0000 -5.960285E+0000 -8.860501E+0000 -7.729635E+0000 -8.408006E+0000 -8.635858E+0000
  1.860348E+0000  1.878631E+0000  1.845135E+0000  1.835823E+0000 -1.265383E+0000 -1.388696E+0000 -9.974177E-0001 -9.133806E-0001 -2.925384E+0000 -3.137960E+0000 -2.808640E+0000 -2.567887E+0000 -2.325847E+0000 -2.812866E+0000 -2.459668E+0000 -2.403359E+0000 -3.231137E+0000 -3.402323E+0000 -2.991338E+0000 -2.856956E+0000 -2.413024E+0000 -2.810375E+0000 -2.389375E+0000 -2.435761E+0000 -4.465807E+0000 -4.690984E+0000 -4.229564E+0000 -4.106935E+0000
