  1.741115E+0000  1.789295E+0000  1.734756E+0000  1.899414E+0000 -6.065096E-0002 -2.924639E-0001  4.494317E-0002 -1.394832E+0000 -2.767384E+0000 -3.040437E+0000 -2.938221E+0000 -4.200466E+0000 -2.425139E+0000 -2.741143E+0000 -2.713548E+0000 -4.087185E+0000 -1.981107E+0000 -2.364118E+0000 -2.293808E+0000 -4.166014E+0000 -2.988613E+0000 -3.107903E+0000 -3.052363E+0000 -4.079704E+0000 -4.161645E+0000 -4.056512E+0000 -3.958078E+0000 -5.125014E+0000
  1.884248E+0000  1.844027E+0000  1.860844E+0000  1.862437E+0000 -1.650687E+0000 -1.206548E+0000 -1.114861E+0000 -1.279863E+0000 -3.679451E+0000 -3.231215E+0000 -3.340686E+0000 -3.589072E+0000 -3.239553E+0000 -2.766563E+0000 -3.118144E+0000 -2.957019E+0000 -2.814137E+0000 -2.149981E+0000 -2.738976E+0000 -2.568774E+0000 -2.368627E+0000 -1.917923E+0000 -2.431275E+0000 -2.168320E+0000 -4.745334E+0000 -4.339489E+0000 -4.540874E+0000 -4.429986E+0000
  1.780823E+0000  1.640824E+0000  1.726358E+0000  1.827700E+0000 -6.181698E-0001 -1.969976E-0001 -2.643941E-0001 -9.404439E-0001 -2.251926E+0000 -1.968165E+0000 -2.213542E+0000 -2.662093E+0000 -1.801200E+0000 -1.428504E+0000 -1.756229E+0000 -2.150089E+0000 -2.007164E+0000 -7.459272E-0001 -1.602819E+0000 -2.197599E+0000 -2.275864E+0000 -1.971642E+0000 -2.248499E+0000 -2.577728E+0000 -3.965434E+0000 -3.631096E+0000 -3.759815E+0000 -4.092840E+0000
  1.935268E+0000  1.935785E+0000  1.928018E+0000  1.917551E+0000 -2.725203E+0000 -2.737144E+0000 -2.161638E+0000 -1.754692E+0000 -5.882578E+0000 -5.780869E+0000 -5.412185E+0000 -4.792964E+0000 -6.637153E+0000 -6.892632E+0000 -6.421842E+0000 -5.459550E+0000 -6.212540E+0000 -7.371608E+0000 -6.892271E+0000 -5.405676E+0000 -6.218975E+0000 -7.299083E+0000 -6.711286E+0000 -5.557070E+0000 -7.659282E+0000 -7.931305E+0000 -7.297308E+0000 -6.282131E+0000
  1.884800E+0000  1.854414E+0000  1.849670E+0000  1.833542E+0000 -1.337180E+0000 -7.148200E-0001 -5.834802E-0001 -6.146696E-0001 -4.044180E+0000 -4.085099E+0000 -4.170954E+0000 -3.537668E+0000 -4.182312E+0000 -4.072235E+0000 -4.389376E+0000 -3.828559E+0000 -2.478885E+0000 -3.004884E+0000 -3.473779E+0000 -2.245923E+0000 -3.681455E+0000 -3.617126E+0000 -4.062024E+0000 -3.446055E+0000 -4.550107E+0000 -4.381678E+0000 -4.795292E+0000 -4.223133E+0000
  1.848546E+0000  1.731948E+0000  1.743699E+0000  1.722977E+0000 -9.262094E-0001 -4.990266E-0001 -4.963032E-0001  2.140609E-0002 -3.533102E+0000 -2.760001E+0000 -2.808493E+0000 -2.547315E+0000 -2.968539E+0000 -2.501059E+0000 -2.704173E+0000 -2.708522E+0000 -2.365127E+0000 -7.778813E-0001 -8.696934E-0001 -2.122455E+0000 -2.680683E+0000 -2.086333E+0000 -2.157573E+0000 -2.292768E+0000 -4.573265E+0000 -4.388757E+0000 -4.522927E+0000 -4.462567E+0000
  1.906288E+0000  1.903160E+0000  1.900483E+0000  1.900648E+0000 -1.441635E+0000 -1.332846E+0000 -1.271942E+0000 -1.285420E+0000 -4.363469E+0000 -4.398596E+0000 -4.277216E+0000 -4.223807E+0000 -4.978654E+0000 -4.999454E+0000 -4.940654E+0000 -4.855755E+0000 -4.579098E+0000 -5.232308E+0000 -5.260687E+0000 -5.093256E+0000 -5.347346E+0000 -5.554468E+0000 -5.624152E+0000 -5.527510E+0000 -7.198170E+0000 -6.936302E+0000 -7.190183E+0000 -7.267964E+0000
  1.845589E+0000  1.835567E+0000  1.849012E+0000  1.863722E+0000 -9.751264E-0001 -8.519583E-0001 -1.015619E+0000 -1.115515E+0000 -2.951464E+0000 -2.711290E+0000 -2.917800E+0000 -3.021847E+0000 -2.858019E+0000 -2.705194E+0000 -2.906384E+0000 -3.024745E+0000 -2.606589E+0000 -2.670653E+0000 -2.628140E+0000 -2.976168E+0000 -2.532474E+0000 -2.617267E+0000 -2.589496E+0000 -2.907612E+0000 -3.570795E+0000 -3.533017E+0000 -3.565270E+0000 -3.831043E+0000
  1.503621E+0000  1.537644E+0000  1.584744E+0000  1.601815E+0000 -2.744246E-0001  5.248542E-0001  3.173233E-0001  1.716103E-0001 -2.282326E+0000 -2.481616E+0000 -2.264610E+0000 -2.379598E+0000 -2.128379E+0000 -2.376087E+0000 -2.154118E+0000 -2.226666E+0000  2.386028E-0001 -1.145563E+0000 -9.809967E-0001 -7.864683E-0001 -1.438349E+0000 -1.914443E+0000 -1.960817E+0000 -1.711806E+0000 -4.256334E+0000 -4.255627E+0000 -4.346244E+0000 -4.248048E+0000
  1.903065E+0000  1.914786E+0000  1.908725E+0000  1.898760E+0000 -1.444285E+0000 -1.862008E+0000 -1.622427E+0000 -1.483955E+0000 -4.953651E+0000 -5.246636E+0000 -5.079148E+0000 -4.832711E+0000 -4.382955E+0000 -4.340279E+0000 -4.382225E+0000 -3.878909E+0000 -3.550085E+0000 -3.450641E+0000 -3.554551E+0000 -2.926444E+0000 -4.872206E+0000 -4.884864E+0000 -4.756119E+0000 -4.490541E+0000 -6.353606E+0000 -6.458327E+0000 -6.126972E+0000 -6.112717E+0000
  1.847981E+0000  1.871257E+0000  1.858490E+0000  1.853877E+0000 -7.994289E-0001 -8.412152E-0001 -7.159879E-0001 -7.324365E-0001 -3.415419E+0000 -3.847354E+0000 -3.709000E+0000 -3.614439E+0000 -3.191404E+0000 -3.917571E+0000 -3.853896E+0000 -3.665688E+0000 -2.474677E+0000 -4.101448E+0000 -3.421178E+0000 -2.872331E+0000 -3.252783E+0000 -4.448853E+0000 -4.145340E+0000 -3.816812E+0000 -5.022180E+0000 -5.846941E+0000 -5.796660E+0000 -5.611446E+0000
  1.664671E+0000  1.751619E+0000  1.725582E+0000  1.799024E+0000 -5.669424E-0002 -2.188684E-0001 -3.985962E-0002 -7.610154E-0001 -2.430354E+0000 -2.758766E+0000 -2.609162E+0000 -2.920027E+0000 -2.027532E+0000 -2.341567E+0000 -2.360337E+0000 -2.046784E+0000 -8.111802E-0001 -1.644929E+0000 -1.666241E+0000 -1.526180E+0000 -2.373847E+0000 -2.713933E+0000 -2.877746E+0000 -2.569291E+0000 -4.264418E+0000 -4.283420E+0000 -4.596534E+0000 -4.420577E+0000
