  1.729715E+0000  1.848389E+0000  1.821355E+0000  1.808705E+0000  1.095922E-0001 -8.345957E-0001 -4.671727E-0001 -3.593836E-0001 -3.408887E+0000 -3.692459E+0000 -3.769108E+0000 -3.543152E+0000 -2.961925E+0000 -3.053853E+0000 -3.173343E+0000 -3.006291E+0000 -2.110764E+0000 -2.365388E+0000 -2.324241E+0000 -2.455935E+0000 -3.338690E+0000 -3.189204E+0000 -3.639963E+0000 -3.507751E+0000 -5.597828E+0000 -4.692328E+0000 -5.533649E+0000 -5.257565E+0000
  1.915356E+0000  1.914882E+0000  1.879953E+0000  1.916246E+0000 -1.641401E+0000 -1.714842E+0000 -1.048806E+0000 -1.666323E+0000 -5.671697E+0000 -4.829681E+0000 -4.132146E+0000 -5.847983E+0000 -5.858547E+0000 -5.184613E+0000 -4.232275E+0000 -5.958663E+0000 -5.159020E+0000 -4.497791E+0000 -3.344396E+0000 -5.146019E+0000 -5.435072E+0000 -4.825089E+0000 -3.598585E+0000 -5.555800E+0000 -7.539443E+0000 -6.794785E+0000 -5.733933E+0000 -7.597605E+0000
  1.804333E+0000  1.843241E+0000  1.836143E+0000  1.803834E+0000 -9.403037E-0001 -7.639641E-0001 -7.723092E-0001 -8.874230E-0001 -3.703315E+0000 -3.953402E+0000 -3.909177E+0000 -3.716383E+0000 -3.215036E+0000 -3.804803E+0000 -3.722716E+0000 -3.367085E+0000 -1.305303E+0000 -2.139000E+0000 -1.878561E+0000 -1.183017E+0000 -1.751763E+0000 -2.971998E+0000 -2.787291E+0000 -2.009931E+0000 -3.720554E+0000 -4.994150E+0000 -4.943369E+0000 -4.120637E+0000
  1.867855E+0000  1.833222E+0000  1.812465E+0000  1.767044E+0000 -1.384993E+0000 -8.437878E-0001 -9.028248E-0001 -1.110958E+0000 -3.952810E+0000 -3.603826E+0000 -3.325409E+0000 -3.136459E+0000 -3.588029E+0000 -3.167596E+0000 -3.025797E+0000 -2.761447E+0000 -1.800566E+0000 -1.767603E+0000 -1.214854E+0000 -5.508391E-0001 -2.897120E+0000 -2.770510E+0000 -2.552815E+0000 -2.106741E+0000 -4.822978E+0000 -4.326148E+0000 -4.609641E+0000 -4.382161E+0000
  1.939704E+0000  1.904026E+0000  1.941218E+0000  1.937138E+0000 -3.653169E+0000 -1.476268E+0000 -3.729095E+0000 -3.150762E+0000 -5.676690E+0000 -4.246947E+0000 -6.198776E+0000 -5.643154E+0000 -5.637732E+0000 -4.375234E+0000 -6.339220E+0000 -5.589375E+0000 -5.223902E+0000 -4.322451E+0000 -6.159172E+0000 -5.275559E+0000 -5.586316E+0000 -4.349205E+0000 -6.216428E+0000 -5.478618E+0000 -6.659953E+0000 -5.190230E+0000 -7.074586E+0000 -6.349564E+0000
  1.846335E+0000  1.854521E+0000  1.872207E+0000  1.861715E+0000 -9.854904E-0001 -9.919416E-0001 -1.053080E+0000 -1.045009E+0000 -2.954289E+0000 -3.150441E+0000 -3.638584E+0000 -3.309021E+0000 -2.972353E+0000 -3.168385E+0000 -3.602138E+0000 -3.312269E+0000 -2.308133E+0000 -2.499016E+0000 -3.040659E+0000 -2.615425E+0000 -2.541640E+0000 -2.726619E+0000 -3.227808E+0000 -2.803355E+0000 -4.743677E+0000 -4.828718E+0000 -4.892188E+0000 -4.987841E+0000
  1.842385E+0000  1.807276E+0000  1.852504E+0000  1.803437E+0000 -1.103906E+0000 -1.052736E+0000 -1.025696E+0000 -1.067170E+0000 -3.536287E+0000 -3.276402E+0000 -3.776314E+0000 -3.404864E+0000 -3.309935E+0000 -3.065760E+0000 -3.720099E+0000 -2.929696E+0000 -1.768525E+0000 -1.216868E+0000 -1.979403E+0000 -1.269932E+0000 -2.220932E+0000 -1.802472E+0000 -2.605813E+0000 -1.610494E+0000 -4.413067E+0000 -4.442576E+0000 -5.027771E+0000 -4.001892E+0000
  1.807502E+0000  1.840345E+0000  1.858513E+0000  1.904089E+0000 -1.555956E+0000 -1.126807E+0000 -1.341513E+0000 -1.783726E+0000 -3.320081E+0000 -2.922696E+0000 -3.608919E+0000 -4.133132E+0000 -2.360487E+0000 -2.342462E+0000 -2.819083E+0000 -3.672521E+0000 -9.055718E-0001 -1.968066E+0000 -1.816877E+0000 -3.062630E+0000 -1.900376E+0000 -2.531586E+0000 -2.677674E+0000 -3.575110E+0000 -4.660651E+0000 -4.818102E+0000 -5.057720E+0000 -6.000840E+0000
  1.744418E+0000  1.796111E+0000  1.728096E+0000  1.535305E+0000 -2.469714E-0001 -7.829824E-0001 -9.747827E-0001 -3.717438E-0001 -2.921023E+0000 -3.283303E+0000 -3.282498E+0000 -2.932212E+0000 -2.782921E+0000 -2.823697E+0000 -2.705588E+0000 -2.399317E+0000 -1.253667E+0000 -1.116778E+0000 -2.683357E-0001  2.579189E-0001 -2.490519E+0000 -2.504926E+0000 -2.187414E+0000 -1.549543E+0000 -4.405661E+0000 -4.519888E+0000 -4.458679E+0000 -4.069346E+0000
  1.888060E+0000  1.865297E+0000  1.857919E+0000  1.845582E+0000 -1.259508E+0000 -7.595803E-0001 -6.279756E-0001 -5.310593E-0001 -4.997252E+0000 -5.043675E+0000 -5.053452E+0000 -4.777576E+0000 -4.834330E+0000 -4.995380E+0000 -5.146551E+0000 -4.866545E+0000 -3.368804E+0000 -3.715456E+0000 -3.937781E+0000 -3.650139E+0000 -2.889948E+0000 -3.432522E+0000 -3.876408E+0000 -3.391489E+0000 -5.309077E+0000 -5.422387E+0000 -5.648092E+0000 -5.410019E+0000
  1.778297E+0000  1.745585E+0000  1.777704E+0000  1.851069E+0000 -7.994795E-0001 -4.761057E-0001 -7.237354E-0001 -1.254627E+0000 -2.582866E+0000 -2.320117E+0000 -2.362879E+0000 -2.935790E+0000 -1.543296E+0000 -1.500697E+0000 -1.517047E+0000 -1.987874E+0000 -1.714632E+0000 -1.623582E+0000 -1.827594E+0000 -2.467643E+0000 -1.931995E+0000 -2.143343E+0000 -2.269799E+0000 -2.794461E+0000 -4.101354E+0000 -4.278769E+0000 -3.855536E+0000 -4.407046E+0000
  1.816178E+0000  1.837256E+0000  1.874494E+0000  1.800384E+0000 -8.970821E-0001 -5.941716E-0001 -8.484076E-0001 -6.246850E-0001 -3.027504E+0000 -3.360312E+0000 -3.849207E+0000 -3.060452E+0000 -1.951461E+0000 -3.169421E+0000 -4.315787E+0000 -2.088187E+0000 -1.644901E+0000 -2.678831E+0000 -4.375870E+0000 -1.768284E+0000 -2.918930E+0000 -3.931207E+0000 -5.130687E+0000 -2.790503E+0000 -5.050862E+0000 -5.603977E+0000 -6.691754E+0000 -4.624959E+0000
  1.786364E+0000  1.782057E+0000  1.858771E+0000  1.843946E+0000 -7.951112E-0001 -2.230774E-0001 -8.712163E-0001 -9.650434E-0001 -2.632383E+0000 -3.190924E+0000 -3.607573E+0000 -3.105467E+0000 -2.631593E+0000 -3.266225E+0000 -3.754375E+0000 -3.150187E+0000 -1.811817E+0000 -2.632603E+0000 -3.306850E+0000 -2.673689E+0000 -1.406357E+0000 -2.480580E+0000 -2.802382E+0000 -2.098657E+0000 -3.558131E+0000 -3.771849E+0000 -4.023863E+0000 -3.998806E+0000
  1.807707E+0000  1.811314E+0000  1.807017E+0000  1.781990E+0000 -8.416169E-0001 -8.501629E-0001 -7.552119E-0001 -6.493416E-0001 -2.665033E+0000 -2.557824E+0000 -2.563410E+0000 -2.474532E+0000 -2.670832E+0000 -2.586046E+0000 -2.604931E+0000 -2.676490E+0000 -2.163772E+0000 -2.015044E+0000 -2.061200E+0000 -1.667827E+0000 -1.636544E+0000 -1.919949E+0000 -1.998956E+0000 -1.777476E+0000 -3.721334E+0000 -3.841954E+0000 -3.725020E+0000 -3.680402E+0000
  1.877379E+0000  1.873176E+0000  1.889339E+0000  1.874491E+0000 -9.501851E-0001 -8.723782E-0001 -1.045497E+0000 -9.047356E-0001 -4.519738E+0000 -4.444387E+0000 -4.776259E+0000 -4.450100E+0000 -4.365090E+0000 -4.425000E+0000 -5.053572E+0000 -4.293167E+0000 -3.413379E+0000 -3.408325E+0000 -4.366746E+0000 -3.432145E+0000 -3.990847E+0000 -4.227636E+0000 -5.242873E+0000 -4.016925E+0000 -6.235352E+0000 -6.372510E+0000 -7.272143E+0000 -6.125213E+0000
  1.856374E+0000  1.878200E+0000  1.883119E+0000  1.807052E+0000 -9.488912E-0001 -9.510026E-0001 -9.681790E-0001 -5.371548E-0001 -3.598194E+0000 -4.336850E+0000 -4.596580E+0000 -3.165148E+0000 -3.219016E+0000 -4.256626E+0000 -4.664740E+0000 -2.865744E+0000 -2.921806E+0000 -4.189947E+0000 -4.775183E+0000 -2.356047E+0000 -2.533885E+0000 -3.713607E+0000 -4.234425E+0000 -2.159545E+0000 -4.440531E+0000 -5.269896E+0000 -5.569144E+0000 -4.282142E+0000
  1.926653E+0000  1.919640E+0000  1.929238E+0000  1.927090E+0000 -2.138749E+0000 -1.797489E+0000 -2.213661E+0000 -2.118258E+0000 -5.892353E+0000 -5.717216E+0000 -6.561497E+0000 -6.170298E+0000 -5.592796E+0000 -5.797560E+0000 -6.738818E+0000 -6.212644E+0000 -4.914068E+0000 -4.821196E+0000 -5.710943E+0000 -5.247224E+0000 -6.373757E+0000 -6.688070E+0000 -7.648115E+0000 -7.102667E+0000 -8.639047E+0000 -8.754169E+0000 -9.812078E+0000 -9.298584E+0000
  1.654142E+0000  1.719806E+0000  1.651074E+0000  1.615804E+0000  6.507163E-0002 -2.009401E-0001  1.146964E-0001  2.737552E-0001 -2.494635E+0000 -2.488048E+0000 -2.553101E+0000 -2.387903E+0000 -2.257198E+0000 -2.300488E+0000 -2.194160E+0000 -2.158895E+0000 -1.767618E+0000 -2.074419E+0000 -1.748121E+0000 -1.776940E+0000 -1.150120E+0000 -1.335026E+0000 -1.307113E+0000 -1.403407E+0000 -3.517854E+0000 -3.629443E+0000 -3.445125E+0000 -3.474214E+0000
  1.774603E+0000  1.832608E+0000  1.811336E+0000  1.853904E+0000 -1.329646E+0000 -1.409394E+0000 -1.665973E+0000 -1.187997E+0000 -3.289517E+0000 -3.398269E+0000 -3.415159E+0000 -3.449135E+0000 -2.851733E+0000 -3.168744E+0000 -3.176892E+0000 -3.280294E+0000 -5.292820E-0001 -1.109601E+0000 -7.005305E-0001 -1.792608E+0000 -1.962260E+0000 -2.405977E+0000 -2.211248E+0000 -2.737357E+0000 -4.350134E+0000 -4.586312E+0000 -4.430969E+0000 -4.624057E+0000
  1.807871E+0000  1.721166E+0000  1.707261E+0000  1.830490E+0000 -2.613272E-0001  1.766009E-0001  2.534264E-0001 -6.192781E-0001 -3.216696E+0000 -2.772268E+0000 -2.820902E+0000 -3.096874E+0000 -3.494501E+0000 -2.931364E+0000 -3.038298E+0000 -2.966787E+0000 -3.189604E+0000 -2.752867E+0000 -2.838963E+0000 -2.438687E+0000 -4.079434E+0000 -3.509498E+0000 -3.643765E+0000 -3.401532E+0000 -5.530959E+0000 -5.067533E+0000 -5.181493E+0000 -4.896588E+0000
