  1.836733E+0000  1.843974E+0000  1.832480E+0000  1.857605E+0000 -1.302868E+0000 -1.219141E+0000 -1.181597E+0000 -1.521013E+0000 -3.433990E+0000 -3.026281E+0000 -2.949174E+0000 -3.532108E+0000 -2.931403E+0000 -2.529051E+0000 -2.382084E+0000 -3.023382E+0000 -1.340574E+0000 -1.717610E+0000 -1.637695E+0000 -1.527481E+0000 -2.346178E+0000 -2.748923E+0000 -2.385654E+0000 -2.662163E+0000 -4.684384E+0000 -4.493447E+0000 -4.370035E+0000 -4.781946E+0000
  1.878873E+0000  1.877264E+0000  1.884510E+0000  1.895185E+0000 -1.217656E+0000 -1.140342E+0000 -1.110478E+0000 -1.185561E+0000 -3.891586E+0000 -3.817629E+0000 -4.034751E+0000 -4.408711E+0000 -3.964306E+0000 -3.874397E+0000 -4.276158E+0000 -4.954407E+0000 -2.453603E+0000 -2.680466E+0000 -3.284148E+0000 -4.333046E+0000 -3.582570E+0000 -3.553285E+0000 -4.148345E+0000 -4.956230E+0000 -5.344773E+0000 -5.342157E+0000 -5.943911E+0000 -6.677544E+0000
  1.086562E+0000  1.621295E+0000  1.564371E+0000  1.460246E+0000 -2.043979E-0001  5.869196E-0002  1.929222E-0001  2.644837E-0001 -1.751051E+0000 -2.718271E+0000 -2.521501E+0000 -2.286463E+0000 -1.212905E+0000 -2.252321E+0000 -2.045632E+0000 -1.860888E+0000  7.002507E-0001 -6.285833E-0001 -4.767512E-0001 -1.953060E-0001 -3.470148E-0001 -1.785708E+0000 -1.774112E+0000 -1.209117E+0000 -3.546679E+0000 -4.860761E+0000 -4.896399E+0000 -4.421181E+0000
  1.932135E+0000  1.914987E+0000  1.909940E+0000  1.923179E+0000 -2.690544E+0000 -1.710271E+0000 -1.601277E+0000 -2.232623E+0000 -5.693203E+0000 -5.302996E+0000 -4.934270E+0000 -5.129823E+0000 -5.495070E+0000 -5.235457E+0000 -4.805570E+0000 -4.759356E+0000 -4.113386E+0000 -4.172393E+0000 -3.842670E+0000 -3.609008E+0000 -5.672175E+0000 -5.230669E+0000 -4.933157E+0000 -4.943309E+0000 -7.334741E+0000 -6.673848E+0000 -6.401083E+0000 -6.586135E+0000
  1.799360E+0000  1.757339E+0000  1.696782E+0000  1.810234E+0000 -1.126980E+0000 -1.033468E+0000 -8.512677E-0001 -1.007982E+0000 -3.483819E+0000 -3.585505E+0000 -3.529166E+0000 -3.464370E+0000 -2.681165E+0000 -2.830420E+0000 -2.760644E+0000 -2.900810E+0000 -8.130438E-0001 -3.752892E-0001 -5.436169E-0002 -9.783912E-0001 -2.606963E+0000 -2.750971E+0000 -2.695270E+0000 -3.007352E+0000 -4.284694E+0000 -4.649264E+0000 -4.648786E+0000 -4.460106E+0000
  1.790857E+0000  1.617892E+0000  1.660406E+0000  1.805639E+0000 -6.330883E-0001 -5.653296E-0002 -1.632771E-0001 -5.879214E-0001 -1.895374E+0000 -9.386488E-0001 -1.358218E+0000 -2.180565E+0000 -1.958098E+0000 -1.100005E+0000 -1.464569E+0000 -2.311711E+0000 -2.234483E+0000 -1.900223E+0000 -1.319020E+0000 -2.470287E+0000 -2.723562E+0000 -2.151411E+0000 -2.169979E+0000 -2.904251E+0000 -4.567160E+0000 -3.788302E+0000 -3.946380E+0000 -4.683747E+0000
  1.627885E+0000  1.771413E+0000  1.607934E+0000  1.512864E+0000 -1.086512E+0000 -9.574586E-0001 -9.071881E-0001 -9.757118E-0001 -2.040058E+0000 -2.929262E+0000 -2.343973E+0000 -1.962218E+0000 -9.961755E-0001 -1.807335E+0000 -1.158460E+0000 -8.915195E-0001 -9.733173E-0002 -8.105652E-0001  8.720928E-0002  3.233147E-0001 -1.903915E+0000 -2.767881E+0000 -2.395328E+0000 -1.998150E+0000 -4.270793E+0000 -4.418570E+0000 -4.450372E+0000 -4.167007E+0000
  1.908750E+0000  1.906951E+0000  1.906703E+0000  1.915430E+0000 -1.393883E+0000 -1.345239E+0000 -1.335150E+0000 -1.577828E+0000 -5.449634E+0000 -5.444127E+0000 -5.585353E+0000 -6.028209E+0000 -6.589633E+0000 -6.644246E+0000 -6.794326E+0000 -7.338448E+0000 -6.687053E+0000 -6.827103E+0000 -7.032734E+0000 -7.547585E+0000 -8.171635E+0000 -8.285227E+0000 -8.353836E+0000 -9.030470E+0000 -1.022087E+0001 -1.038030E+0001 -1.036722E+0001 -1.106203E+0001
  1.878792E+0000  1.903714E+0000  1.933123E+0000  1.848900E+0000 -8.400928E-0001 -1.306199E+0000 -2.467950E+0000 -5.105519E-0001 -4.937045E+0000 -5.244975E+0000 -6.550683E+0000 -4.364175E+0000 -5.089662E+0000 -5.394188E+0000 -6.742620E+0000 -4.494200E+0000 -5.798435E+0000 -5.637092E+0000 -7.494941E+0000 -4.654034E+0000 -5.226878E+0000 -5.439048E+0000 -7.072423E+0000 -4.436753E+0000 -6.912390E+0000 -7.324072E+0000 -8.700931E+0000 -6.346973E+0000
  1.817108E+0000  1.869184E+0000  1.849079E+0000  1.866029E+0000 -5.265080E-0001 -8.601802E-0001 -6.260827E-0001 -8.915506E-0001 -2.726798E+0000 -3.604665E+0000 -3.370010E+0000 -3.516122E+0000 -2.733285E+0000 -3.741967E+0000 -3.674997E+0000 -3.418454E+0000 -3.144109E+0000 -4.179653E+0000 -3.985255E+0000 -3.719548E+0000 -2.595924E+0000 -3.702489E+0000 -3.513096E+0000 -3.306346E+0000 -4.935991E+0000 -5.795169E+0000 -5.737435E+0000 -5.514398E+0000
