  1.766862E+0000  1.858603E+0000  1.895292E+0000  1.870434E+0000 -6.455656E-0001 -1.023491E+0000 -1.634935E+0000 -1.166748E+0000 -2.210163E+0000 -3.289670E+0000 -3.516824E+0000 -3.383391E+0000 -1.941187E+0000 -3.062865E+0000 -3.318077E+0000 -3.147923E+0000 -1.895969E+0000 -3.020090E+0000 -3.556180E+0000 -3.082443E+0000 -1.595860E+0000 -2.470533E+0000 -2.983775E+0000 -2.686549E+0000 -4.071474E+0000 -4.763013E+0000 -5.206286E+0000 -5.009939E+0000
  1.851200E+0000  1.801105E+0000  1.901838E+0000  1.900383E+0000 -1.015694E+0000 -4.504998E-0001 -1.478655E+0000 -1.689644E+0000 -3.301650E+0000 -3.225673E+0000 -4.359447E+0000 -4.081051E+0000 -2.524914E+0000 -2.397668E+0000 -3.779262E+0000 -3.291301E+0000 -2.185333E+0000 -2.008106E+0000 -3.589729E+0000 -2.960326E+0000 -3.368362E+0000 -3.360600E+0000 -4.713976E+0000 -4.044891E+0000 -5.017639E+0000 -4.999536E+0000 -6.399139E+0000 -5.641061E+0000
  1.902275E+0000  1.894602E+0000  1.903793E+0000  1.906756E+0000 -1.477276E+0000 -1.489872E+0000 -1.569317E+0000 -1.822282E+0000 -4.318904E+0000 -3.735200E+0000 -4.196838E+0000 -4.046256E+0000 -4.380572E+0000 -3.809701E+0000 -4.278658E+0000 -4.003511E+0000 -3.685768E+0000 -2.988713E+0000 -3.501461E+0000 -3.065482E+0000 -4.105404E+0000 -3.684802E+0000 -3.956018E+0000 -3.808231E+0000 -5.737155E+0000 -5.738048E+0000 -6.069669E+0000 -5.965446E+0000
  1.743799E+0000  1.755726E+0000  1.737303E+0000  1.776174E+0000 -3.673844E-0001 -3.391443E-0001 -2.789444E-0001 -4.026667E-0001 -2.564751E+0000 -2.887281E+0000 -2.891734E+0000 -2.708913E+0000 -2.620750E+0000 -3.070050E+0000 -3.196314E+0000 -2.675243E+0000 -1.156038E+0000 -1.191762E+0000 -1.001309E+0000 -1.657115E+0000 -2.421615E+0000 -2.707756E+0000 -2.689159E+0000 -2.609334E+0000 -3.345845E+0000 -3.595145E+0000 -3.516886E+0000 -3.709693E+0000
  1.802447E+0000  1.819661E+0000  1.819602E+0000  1.818638E+0000 -3.189047E-0001 -2.571281E-0001 -2.425586E-0001 -2.436070E-0001 -3.560499E+0000 -3.674082E+0000 -3.686790E+0000 -3.667842E+0000 -3.895463E+0000 -4.485925E+0000 -4.530409E+0000 -4.490755E+0000 -2.122201E+0000 -4.290042E+0000 -5.121259E+0000 -4.542255E+0000 -3.290363E+0000 -5.125270E+0000 -5.601371E+0000 -5.358523E+0000 -5.870875E+0000 -7.298106E+0000 -7.621451E+0000 -7.348283E+0000
  1.851196E+0000  1.865468E+0000  1.867568E+0000  1.871704E+0000 -1.042535E+0000 -7.429051E-0001 -7.542228E-0001 -7.923964E-0001 -3.758640E+0000 -3.842282E+0000 -3.863058E+0000 -3.912164E+0000 -3.630175E+0000 -4.277297E+0000 -4.351553E+0000 -4.397472E+0000 -1.782775E+0000 -4.018076E+0000 -4.258619E+0000 -4.764463E+0000 -2.947691E+0000 -4.614053E+0000 -4.873699E+0000 -5.136057E+0000 -4.650815E+0000 -6.169797E+0000 -6.561551E+0000 -6.753707E+0000
  1.636893E+0000  1.469056E+0000  1.537252E+0000  1.489142E+0000  5.859663E-0002  8.180047E-0001  6.647017E-0001  7.809765E-0001 -2.014781E+0000 -2.254668E+0000 -2.238658E+0000 -2.289543E+0000 -1.913645E+0000 -2.659989E+0000 -2.513984E+0000 -2.772710E+0000 -1.308965E+0000 -2.604377E+0000 -2.355437E+0000 -2.899832E+0000 -1.669257E+0000 -2.286695E+0000 -2.408286E+0000 -2.146598E+0000 -2.795278E+0000 -3.257490E+0000 -3.444141E+0000 -3.049368E+0000
  1.805026E+0000  1.854267E+0000  1.865014E+0000  1.861741E+0000 -1.111280E+0000 -9.508877E-0001 -9.537606E-0001 -8.923359E-0001 -3.545349E+0000 -3.571937E+0000 -3.740197E+0000 -3.786924E+0000 -3.276448E+0000 -3.627784E+0000 -3.747847E+0000 -3.720737E+0000 -7.806045E-0001 -2.200221E+0000 -2.536882E+0000 -2.687773E+0000 -2.777920E+0000 -2.853840E+0000 -3.521104E+0000 -3.281965E+0000 -5.568782E+0000 -5.652903E+0000 -5.918345E+0000 -5.841581E+0000
  1.765558E+0000  1.798859E+0000  1.798760E+0000  1.831453E+0000 -1.038157E+0000 -8.794042E-0001 -9.238738E-0001 -1.183539E+0000 -3.184794E+0000 -3.321947E+0000 -3.345893E+0000 -3.466674E+0000 -2.386817E+0000 -2.531171E+0000 -2.635394E+0000 -2.648680E+0000 -7.131799E-0001 -1.280495E+0000 -1.142775E+0000 -1.499650E+0000 -1.877385E+0000 -2.066155E+0000 -2.163983E+0000 -2.235718E+0000 -3.701835E+0000 -3.816723E+0000 -3.904341E+0000 -3.975757E+0000
  1.893931E+0000  1.876122E+0000  1.893661E+0000  1.889019E+0000 -1.091002E+0000 -8.352156E-0001 -1.071243E+0000 -9.951808E-0001 -5.147490E+0000 -4.651234E+0000 -5.252685E+0000 -5.128743E+0000 -5.539823E+0000 -4.712825E+0000 -5.808624E+0000 -5.663778E+0000 -5.321961E+0000 -4.576691E+0000 -5.836695E+0000 -5.381008E+0000 -5.719146E+0000 -4.865609E+0000 -6.144150E+0000 -5.869625E+0000 -7.162762E+0000 -6.466772E+0000 -7.656727E+0000 -7.343033E+0000
