  1.881399E+0000  1.892644E+0000  1.876630E+0000  1.898548E+0000 -9.119719E-0001 -1.175345E+0000 -8.831381E-0001 -1.418128E+0000 -4.387365E+0000 -4.236904E+0000 -4.196528E+0000 -4.033789E+0000 -4.691737E+0000 -4.182227E+0000 -4.220156E+0000 -3.746611E+0000 -4.704300E+0000 -4.111999E+0000 -4.106134E+0000 -3.616577E+0000 -5.526230E+0000 -4.995587E+0000 -4.934033E+0000 -4.508631E+0000 -6.961549E+0000 -6.478072E+0000 -6.408990E+0000 -6.013171E+0000
  1.788154E+0000  1.805749E+0000  1.830986E+0000  1.792327E+0000 -5.902918E-0001 -3.683025E-0001 -5.936722E-0001 -1.961345E-0001 -2.471534E+0000 -3.121658E+0000 -3.187912E+0000 -3.443836E+0000 -2.326921E+0000 -3.104603E+0000 -3.197817E+0000 -3.370457E+0000 -2.217625E+0000 -3.041983E+0000 -3.013239E+0000 -3.360528E+0000 -1.831893E+0000 -2.563331E+0000 -2.701496E+0000 -2.755319E+0000 -4.110453E+0000 -4.620491E+0000 -4.675613E+0000 -4.597988E+0000
  1.726520E+0000  1.690039E+0000  1.703174E+0000  1.740374E+0000 -8.913805E-0002 -3.297378E-0002  1.307661E-0001 -2.653251E-0001 -2.309967E+0000 -2.051395E+0000 -2.182332E+0000 -2.404225E+0000 -2.267310E+0000 -1.936329E+0000 -2.439607E+0000 -2.065010E+0000 -1.751996E+0000 -1.479121E+0000 -2.268192E+0000 -1.570250E+0000 -2.629665E+0000 -2.374305E+0000 -2.910702E+0000 -2.420489E+0000 -4.145544E+0000 -3.961146E+0000 -4.506292E+0000 -3.935004E+0000
  1.872119E+0000  1.895932E+0000  1.907853E+0000  1.901643E+0000 -1.161249E+0000 -1.734230E+0000 -1.758085E+0000 -1.543929E+0000 -3.830053E+0000 -4.064765E+0000 -4.500921E+0000 -4.531980E+0000 -3.660192E+0000 -3.800429E+0000 -4.366783E+0000 -4.437005E+0000 -2.437175E+0000 -2.464261E+0000 -3.280856E+0000 -3.263543E+0000 -3.125618E+0000 -3.336262E+0000 -3.742719E+0000 -3.706390E+0000 -5.100570E+0000 -5.393941E+0000 -5.535807E+0000 -5.481946E+0000
  1.808435E+0000  1.873008E+0000  1.887495E+0000  1.905383E+0000 -2.696242E-0001 -9.921021E-0001 -1.180866E+0000 -1.506856E+0000 -3.821155E+0000 -4.070841E+0000 -4.154101E+0000 -4.411132E+0000 -3.978598E+0000 -4.050138E+0000 -4.356962E+0000 -4.258559E+0000 -2.777886E+0000 -2.800065E+0000 -3.148151E+0000 -4.266052E+0000 -3.653260E+0000 -3.912600E+0000 -4.253766E+0000 -4.377879E+0000 -4.997736E+0000 -5.101702E+0000 -5.398480E+0000 -5.643668E+0000
  1.813671E+0000  1.736380E+0000  1.625561E+0000  1.738259E+0000 -1.037817E+0000 -5.151556E-0002  4.065225E-0001 -5.435147E-0001 -3.639730E+0000 -3.369242E+0000 -3.190142E+0000 -3.117117E+0000 -2.883953E+0000 -2.953870E+0000 -3.048837E+0000 -2.498165E+0000 -1.155483E+0000 -1.624045E+0000 -1.341967E+0000 -8.199615E-0001 -2.226776E+0000 -2.503109E+0000 -2.782537E+0000 -1.870345E+0000 -4.841357E+0000 -4.832101E+0000 -5.230109E+0000 -4.525833E+0000
  1.943439E+0000  1.943403E+0000  1.944008E+0000  1.942368E+0000 -4.244426E+0000 -4.221211E+0000 -4.499111E+0000 -3.886204E+0000 -7.504774E+0000 -7.522083E+0000 -7.823398E+0000 -7.110995E+0000 -7.560811E+0000 -7.559216E+0000 -7.866032E+0000 -7.167983E+0000 -6.672535E+0000 -6.804801E+0000 -6.962185E+0000 -6.372684E+0000 -7.517977E+0000 -7.391492E+0000 -7.792255E+0000 -7.075703E+0000 -9.792284E+0000 -9.761726E+0000 -1.014047E+0001 -9.345328E+0000
  1.814711E+0000  1.715427E+0000  1.899440E+0000  1.909641E+0000 -1.487450E+0000 -4.853620E-0001 -1.796912E+0000 -2.204222E+0000 -3.815921E+0000 -2.919438E+0000 -4.361484E+0000 -4.773060E+0000 -3.159512E+0000 -2.502251E+0000 -3.902405E+0000 -3.969726E+0000 -7.086408E-0001 -6.120850E-0001 -2.466520E+0000 -2.518174E+0000 -2.633658E+0000 -2.029224E+0000 -3.496269E+0000 -3.562195E+0000 -5.090163E+0000 -4.138009E+0000 -5.547064E+0000 -5.921883E+0000
  1.590539E+0000  1.701959E+0000  1.708337E+0000  1.585288E+0000  3.532304E-0001  8.274914E-0003  1.234053E-0001  4.448504E-0001 -2.013216E+0000 -2.386608E+0000 -2.433209E+0000 -1.858541E+0000 -1.955306E+0000 -2.212744E+0000 -2.524522E+0000 -2.159311E+0000 -1.430521E+0000 -1.697896E+0000 -2.351171E+0000 -1.848728E+0000 -2.041456E+0000 -2.305855E+0000 -2.699244E+0000 -2.273550E+0000 -3.655566E+0000 -3.775485E+0000 -3.988928E+0000 -3.598696E+0000
  1.907319E+0000  1.806676E+0000  1.805269E+0000  1.842558E+0000 -1.576342E+0000 -2.405272E-0001 -2.980624E-0001 -6.350966E-0001 -4.634626E+0000 -3.824213E+0000 -3.674435E+0000 -3.827296E+0000 -4.063516E+0000 -3.427291E+0000 -3.156285E+0000 -3.224093E+0000 -4.122904E+0000 -3.085013E+0000 -2.672395E+0000 -2.951453E+0000 -4.385767E+0000 -3.987425E+0000 -3.492154E+0000 -3.413785E+0000 -5.909969E+0000 -5.291982E+0000 -4.747773E+0000 -4.536576E+0000
